53
1 2 81
1 6 102 
1 42 148
2 3 75
2 5 140
2 7 120
2 42 82
3 4 84
3 42 102
4 5 55
4 18 70
4 20 52
5 18 90
5 44 33
6 7 72
6 43 155
7 8 22
7 9 56 
8 9 25
9 10 40
9 12 65 
10 11 71
11 12 63 
11 13 90
12 46 40
13 14 72
13 15 95
13 46 50
14 15 45
15 16 123
15 17 107
15 30 131
15 31 114
16 17 31
16 29 62
16 47 71
17 41 81
17 46 59
17 48 63
18 19 35
18 20 50
18 22 84
18 49 70
19 22 85
19 24 80
19 50 70
20 21 62
20 22 62
21 22 50
22 23 100
22 24 122 
22 42 210
22 45 122
23 24 85
23 51 95
23 39 105
24 51 30
25 51 30
26 27 62
26 38 80
26 51 74
26 28 48
27 29 48
27 51 74
28 29 42
28 30 68
29 30 68
30 31 72
30 32 128
31 32 68
32 33 121
33 34 71
34 35 41
34 36 148
36 37 105
37 38 50
38 40 97
38 52 108
39 40 102
41 46 65
41 53 32
42 45 163 
44 53 42
44 49 63
47 48 32
47 50 32
49 50 35